  No.   Prog.    Tq[Nm]   Ang.[°]    D[mm]    PT[Nm]  Time[s]   OK/NOK     Cycle #
    1      10     12.71        34    41.26      3.43     3.03       OK     1947968
    2       8     12.64        33    44.01      2.90     2.94       OK     1947967
    3       7     12.39        36    45.27      3.76     2.88       OK     1947966
    4       6     13.22        47    43.31      3.45     2.85       OK     1947965
    5       5     11.69        34   154.98      2.85     3.94       OK     1947964
    6       4     11.98        40   155.18      2.72     3.75       OK     1947963
    7       3     11.88        46   157.29      3.27     3.56       OK     1947962
    8       2     11.63        38   155.00      2.84     3.60       OK     1947961
    9       1     12.03        33   157.29      3.13     3.52       OK     1947960
   10      11     11.70        45    35.29      4.04     4.28       OK     1947959
   11      10     12.25        39    41.44      3.20     2.94       OK     1947958
   12       8     12.47        39    44.38      3.29     2.92       OK     1947957
   13       7     12.54        31    45.69      3.11     2.90       OK     1947956
   14       6     11.57        36    43.51      3.94     2.93       OK     1947955
   15       5     11.59        28   154.78      3.03     3.89       OK     1947954
   16       4     11.99        34   155.02      3.01     3.75       OK     1947953
   17       3     11.46        44   157.29      3.19     3.48       OK     1947952
   18       2     11.58        42   154.87      2.94     3.64       OK     1947951
   19       1     11.93        42   157.29      3.12     3.50       OK     1947950
   20      11     11.59        45    35.35      4.22     4.30       OK     1947949
   21      10     12.42        39    41.29      3.48     2.96       OK     1947948
   22       8     12.41        36    43.82      3.48     2.93       OK     1947947
   23       7     12.58        36    45.21      3.58     2.90       OK     1947946
   24       6     12.69        47    43.31      4.16     2.88       OK     1947945
   25       5     11.51        37   154.98      3.18     3.95       OK     1947944
   26       4     12.29        40   155.20      2.66     3.75       OK     1947943
   27       3     11.85        40   157.29      3.08     3.54       OK     1947942
   28       2     11.84        38   154.98      2.88     3.57       OK     1947941
   29       1     11.97        32   157.30      3.44     3.52       OK     1947940
   30       1      0.02     10527   157.18      0.01     6.06      T+2     1947939
   31      11     12.77        46    35.68      3.72     4.34       OK     1947938
   32      10     12.53        37    41.24      3.50     3.00       OK     1947937
   33       8     12.05        47    44.08      3.02     2.92       OK     1947936
   34       7     12.74        31    45.56      3.73     2.90       OK     1947935
   35       6     12.45        39    43.53      4.04     3.06       OK     1947934
   36       5     11.58        32   154.84      2.75     3.87       OK     1947933
   37       4     11.80        38   154.97      2.89     3.78       OK     1947932
   38       3     11.51        44   157.29      3.39     3.52       OK     1947931
   39      11     11.61        43    35.16      3.75     4.27       OK     1947930
   40       2     11.53        48   154.77      3.03     3.56       OK     1947929
   41       1     11.58        48   157.28      3.30     3.48       OK     1947928
   42      10     12.21        36    41.63      3.59     2.98       OK     1947927
   43       8     12.18        33    44.23      3.48     2.95       OK     1947926
   44       7     12.73        25    45.53      3.17     2.89       OK     1947925
   45       6     12.74        41    43.58      4.03     2.87       OK     1947924
   46       5     11.46        48   154.90      3.27     3.96       OK     1947923
   47       4     11.48        59   155.17      2.73     3.79       OK     1947922
   48       3     11.62        38   157.29      3.17     3.53       OK     1947921
   49       2     11.52        48   154.86      2.82     3.72       OK     1947920
   50      11     11.60        41    35.38      4.28     4.26       OK     1947919
   51       1     11.52        48   157.28      2.98     3.51       OK     1947918
   52      10     11.98        39    41.42      3.56     2.94       OK     1947917
   53       8     12.64        42    44.35      3.44     2.94       OK     1947916
   54       7     12.30        36    45.67      3.50     3.00       OK     1947915
   55       6     12.54        47    43.58      3.74     2.96       OK     1947914
   56       5     11.74        32   154.86      3.21     3.98       OK     1947913
   57       4     11.52        42   155.14      2.72     3.77       OK     1947912
   58       3     11.75        46   157.25      3.07     3.47       OK     1947911
   59       2     11.97        36   154.82      3.09     3.63       OK     1947910
   60       1     11.54        50   157.29      3.70     3.50       OK     1947909
   61      10     11.95        43    41.64      3.14     3.10       OK     1947908
   62       8     12.74        39    44.44      3.22     2.98       OK     1947907
   63       7     12.62        39    45.74      3.51     2.90       OK     1947906
   64       6      0.40     17750     3.88      0.40     5.10    Abort     1947905
   65       6      0.41     21054    21.27      0.41     6.02      T+1     1947904
   66       5     11.55        32   154.60      2.94     3.99       OK     1947903
   67       4     11.97        37   154.86      2.69     3.68       OK     1947902
   68       3     11.59        40   157.25      3.41     3.62       OK     1947901
   69      11     11.73        48    35.09      4.08     4.28       OK     1947900
   70       2     11.59        44   154.79      2.88     3.56       OK     1947899
   71       1     11.82        33   157.28      3.70     3.50       OK     1947898
   72      10     12.31        37    41.20      3.86     3.05       OK     1947897
   73       8     12.72        42    43.93      3.41     2.96       OK     1947896
   74       7     12.85        36    45.26      3.49     2.98       OK     1947895
   75       6     12.59        31    43.28      3.65     2.89       OK     1947894
   76       5     11.39        37   154.65      3.24     3.99       OK     1947893
   77       4     11.78        42   154.86      2.75     3.73       OK     1947892
   78       3     11.82        36   157.29      3.24     3.52       OK     1947891
   79       2     12.43        33   154.82      2.67     3.60       OK     1947890
   80      11     12.47        43    35.26      3.60     4.26       OK     1947889
   81       1     11.71        33   157.27      3.12     3.49       OK     1947888
   82      10     12.48        32    41.52      3.11     2.98       OK     1947887
   83       8     12.30        36    43.92      3.50     2.92       OK     1947886
   84       7     12.40        34    45.54      3.62     2.89       OK     1947885
   85       6     12.35        39    43.76      3.55     2.87       OK     1947884
   86       5     11.70        39   155.11      2.88     3.98       OK     1947883
   87       4     11.61        46   155.32      3.05     3.75       OK     1947882
   88       3     11.82        38   157.27      2.69     3.57       OK     1947881
   89       2     11.78        36   155.05      2.74     3.63       OK     1947880
   90       1     11.93        29   157.30      3.37     3.51       OK     1947879
   91      10     12.15        39    41.64      3.49     2.96       OK     1947878
   92       8     12.38        41    44.51      3.08     2.94       OK     1947877
   93       7     13.04        36    45.72      3.19     2.88       OK     1947876
   94       6     13.85        33    43.80      3.33     2.97       OK     1947875
   95       5     11.67        36   154.60      2.88     3.83       OK     1947874
   96       4     11.57        47   154.87      2.72     3.86       OK     1947873
   97       3     11.86        29   157.28      3.06     3.68       OK     1947872
   98      11     11.82        44    35.26      4.12     4.26       OK     1947871
   99       2     11.72        46   154.74      2.48     3.53       OK     1947870
  100       1     11.73        38   157.30      3.59     3.46       OK     1947869
  101      10     12.13        39    41.71      3.53     2.96       OK     1947868
  102       8     12.39        36    44.59      3.18     2.91       OK     1947867
  103       7     13.03        28    45.61      3.72     2.89       OK     1947866
  104       6     12.81        36    43.70      3.65     2.90       OK     1947865
  105       5     11.59        34   154.75      3.19     3.96       OK     1947864
  106       4     11.60        46   154.93      2.68     3.74       OK     1947863
  107       3     11.68        33   157.27      3.29     3.68       OK     1947862
  108      11     11.38        54    35.20      4.09     4.25       OK     1947861
  109       2     11.48        46   154.85      3.04     3.55       OK     1947860
  110       1     11.72        40   157.28      3.66     3.48       OK     1947859
  111      10     12.07        46    41.55      3.54     2.95       OK     1947858
  112       8     12.90        36    44.12      3.16     2.89       OK     1947857
  113       7     12.52        39    45.56      2.97     2.87       OK     1947856
  114       6     12.46        39    43.73      3.45     2.88       OK     1947855
  115       5     11.51        44   155.07      2.96     4.01       OK     1947854
  116       4     11.41        48   155.42      2.47     3.76       OK     1947853
  117       3     11.72        44   157.27      3.04     3.52       OK     1947852
  118       2     11.80        38   155.00      2.57     3.69       OK     1947851
  119      11     11.56        46    35.32      3.42     4.26       OK     1947850
  120       1     11.45        48   157.28      3.22     3.48       OK     1947849
  121      10     12.23        36    41.49      3.65     2.96       OK     1947848
  122       8     12.74        36    44.05      3.61     2.92       OK     1947847
  123       7     12.81        34    45.60      3.51     2.86       OK     1947846
  124       6     12.50        41    43.72      3.32     2.88       OK     1947845
  125       5     11.49        39   155.10      3.15     4.08       OK     1947844
  126       5     -0.00      9037   157.20      0.03     6.03      T+2     1947843
  127       4     11.60        46   155.40      2.83     3.75       OK     1947842
  128       3     11.90        36   157.28      3.21     3.55       OK     1947841
  129       2     12.16        34   154.95      2.87     3.67       OK     1947840
  130      11     11.45        52    35.00      4.30     4.24       OK     1947839
  131       1     11.78        35   157.28      3.28     3.49       OK     1947838
  132       1      0.04     10526   157.25      0.04     6.08      T+2     1947837
  133      10     12.52        34    41.13      3.98     2.93       OK     1947836
  134       8     12.63        47    43.83      3.33     2.91       OK     1947835
  135       7     12.70        36    45.26      3.27     2.84       OK     1947834
  136       6     12.78        39    43.44      3.83     2.91       OK     1947833
  137       5     11.76        34   154.83      3.18     3.95       OK     1947832
  138       4     11.69        42   155.01      3.33     3.77       OK     1947831
  139       3     11.97        36   157.30      3.20     3.49       OK     1947830
  140       2     11.70        38   154.81      2.61     3.86       OK     1947829
  141       1     11.90        33   157.30      3.43     3.53       OK     1947828
  142      11      0.16       118    38.01      0.03     1.29      L+2     1947827
  143      10     12.60        44    41.31      3.62     2.95       OK     1947826
  144       8     12.46        44    43.88      3.30     2.92       OK     1947825
  145       7     12.58        36    45.14      3.46     2.87       OK     1947824
  146       6     12.61        36    43.26      3.49     2.86       OK     1947823
  147       5     11.51        32   154.98      2.84     3.91       OK     1947822
  148       4     11.57        36   155.19      2.80     3.78       OK     1947821
  149       3     11.87        35   157.29      2.96     3.67       OK     1947820
  150       2     11.57        40   155.18      2.64     3.62       OK     1947819
  151       1     11.85        32   157.29      3.26     3.57       OK     1947818
  152      11     11.65        59    35.40      4.37     4.29       OK     1947817
  153      10     12.37        34    41.63      3.44     2.97       OK     1947816
  154       8     12.70        39    44.27      3.20     2.94       OK     1947815
  155       7     13.06        31    45.61      3.83     2.89       OK     1947814
  156       6     14.44        39    43.87      3.46     2.89       OK     1947813
  157       5     11.48        39   155.33      3.30     4.04       OK     1947812
  158       4     11.48        42   155.64      2.59     3.81       OK     1947811
  159       3     11.97        32   157.29      3.04     3.54       OK     1947810
  160       2     11.70        40   154.97      3.02     3.72       OK     1947809
  161      11     11.74        48    35.10      4.19     4.23       OK     1947808
  162       1     11.89        42   157.28      3.44     3.52       OK     1947807
  163      10     12.69        39    41.20      3.18     2.95       OK     1947806
  164       8     12.20        39    43.82      3.50     2.95       OK     1947805
  165       7     12.86        39    45.32      3.39     2.87       OK     1947804
  166       6     12.58        42    43.44      3.85     2.86       OK     1947803
  167       5     11.52        37   154.89      3.25     3.86       OK     1947802
  168       4     11.81        35   155.16      2.88     3.72       OK     1947801
  169       3     11.86        40   157.27      3.35     3.55       OK     1947800
  170       2     11.87        38   154.97      3.00     3.59       OK     1947799
  171       1     11.93        31   157.28      3.05     3.51       OK     1947798
  172      11     11.83        43    35.42      3.88     4.29       OK     1947797
  173      10     12.10        36    41.59      3.41     3.01       OK     1947796
  174       8     11.65        34    44.44      3.16     2.95       OK     1947795
  175       7     12.28        39    45.75      3.94     2.90       OK     1947794
  176       6     12.69        36    43.93      3.59     2.98       OK     1947793
  177       5     11.64        36   155.18      2.79     4.04       OK     1947792
  178       4     11.71        40   155.50      2.64     3.82       OK     1947791
  179       3     11.80        34   157.29      2.81     3.53       OK     1947790
  180       2     11.91        38   155.01      2.67     3.79       OK     1947789
  181      11     11.57        41    35.07      3.75     4.22       OK     1947788
  182       1     11.65        34   157.28      2.93     3.51       OK     1947787
  183      10     12.25        39    41.11      3.37     2.92       OK     1947786
  184       8     12.63        39    43.96      3.47     2.91       OK     1947785
  185       7     12.55        39    45.26      3.21     2.84       OK     1947784
  186       6     12.41        41    43.44      3.98     2.92       OK     1947783
  187       5     11.45        30   154.86      3.14     3.94       OK     1947782
  188       4     11.74        42   155.11      2.90     3.84       OK     1947781
  189       3     12.14        36   157.28      3.07     3.62       OK     1947780
  190       2     12.02        38   155.00      2.76     3.58       OK     1947779
  191       1     12.05        33   157.29      2.97     3.52       OK     1947778
  192      11     11.16        46    35.43      3.47     4.22       OK     1947777
  193      10     12.00        32    41.31      3.45     3.02       OK     1947776
  194       8     12.50        36    43.93      3.21     2.93       OK     1947775
  195       7     12.42        34    45.41      3.72     2.92       OK     1947774
  196       6     12.68        36    43.38      3.47     2.99       OK     1947773
  197       5     11.55        34   154.87      2.66     3.92       OK     1947772
  198       4     12.53        36   155.09      2.68     3.75       OK     1947771
  199       3     11.59        38   157.26      3.07     3.50       OK     1947770
  200       2     11.78        33   154.94      2.80     3.58       OK     1947769
  201       1     11.96        33   157.28      3.20     3.49       OK     1947768
  202      10     12.31        44    41.08      3.89     2.93       OK     1947767
  203       7     15.21        31    45.13      3.49     2.92     Tq+2     1947766
  204       6     12.78        44    43.30      3.92     2.89       OK     1947765
  205       5     11.67        30   154.97      2.75     3.91       OK     1947764
  206       4     11.72        40   155.19      3.09     3.67       OK     1947763
  207       3     11.60        36   157.27      2.83     3.55       OK     1947762
  208       2     11.63        40   154.95      2.67     3.59       OK     1947761
  209       1     11.78        36   157.29      3.45     3.46       OK     1947760
  210      11     11.62        43    35.11      3.74     4.19       OK     1947759
  211      10     12.32        39    41.50      3.05     2.95       OK     1947758
  212       8     12.47        41    43.97      3.46     2.96       OK     1947757
  213       7     12.52        34    45.40      3.13     2.90       OK     1947756
  214       6     12.69        39    43.65      3.42     2.97       OK     1947755
  215       5     11.47        39   154.95      3.19     3.97       OK     1947754
  216       4     11.69        40   155.21      2.94     4.01       OK     1947753
  217       3     11.80        33   157.27      3.28     3.52       OK     1947752
  218       2     11.96        36   154.94      2.92     3.69       OK     1947751
  219       1     11.88        40   157.29      3.39     3.48       OK     1947750
  220      11     11.58        44    35.49      3.38     4.24       OK     1947749
  221      10     12.76        36    41.72      3.21     2.94       OK     1947748
  222       8     12.57        42    44.44      2.87     2.90       OK     1947747
  223       7     13.05        36    45.78      3.70     2.86       OK     1947746
  224       6     12.42        41    43.74      3.56     2.82       OK     1947745
  225       5     11.60        32   154.78      2.91     3.92       OK     1947744
  226       4     11.36        50   155.01      2.70     3.66       OK     1947743
  227       3     11.80        36   157.29      3.36     3.50       OK     1947742
  228       2     11.72        48   154.76      2.87     3.69       OK     1947741
  229      11     11.75        44    35.19      3.79     4.25       OK     1947740
  230       1     11.63        42   157.28      3.50     3.51       OK     1947739
  231      10     12.22        36    41.34      3.39     2.92       OK     1947738
  232       8     12.65        36    43.94      3.08     2.88       OK     1947737
  233       7     12.45        36    45.25      3.31     2.82       OK     1947736
  234       6     12.71        44    43.47      3.80     3.03       OK     1947735
  235       5     11.60        34   154.99      3.02     3.94       OK     1947734
  236       4     11.73        36   155.13      2.81     3.71       OK     1947733
  237       3     11.63        36   157.27      3.08     3.54       OK     1947732
  238       2     11.65        38   154.93      2.44     3.59       OK     1947731
  239       1     11.90        33   157.27      2.63     3.47       OK     1947730
  240      11     11.44        45    35.34      3.66     4.23       OK     1947729
  241      10     12.32        44    41.46      3.57     2.94       OK     1947728
  242       8     12.21        42    44.08      3.17     2.93       OK     1947727
  243       7     12.29        39    45.53      3.59     2.84       OK     1947726
  244       6     12.65        41    43.76      3.40     2.93       OK     1947725
  245       5     11.51        44   154.97      2.94     3.98       OK     1947724
  246       4     11.48        48   155.33      2.58     3.72       OK     1947723
  247       3     11.39        36   157.28      3.21     3.58       OK     1947722
  248       2     11.77        44   155.03      2.79     3.59       OK     1947721
  249       1     11.69        50   157.30      3.24     3.46       OK     1947720
  250      11     11.89        59    35.39      4.19     4.20       OK     1947719
  251      10     12.50        39    41.62      3.10     2.94       OK     1947718
  252       8     12.31        33    44.09      3.11     2.91       OK     1947717
  253       7     12.56        34    45.50      2.85     2.84       OK     1947716
  254       6     12.71        39    43.62      3.79     2.92       OK     1947715
  255       5     11.44        43   155.19      3.07     4.32       OK     1947714
  256       4     11.40        44   155.49      2.72     3.73       OK     1947713
  257       3     11.64        36   157.28      3.06     3.51       OK     1947712
  258       2     11.37        44   155.01      2.46     4.80       OK     1947711
  259      11     11.69        37    35.39      3.01     4.24       OK     1947710
  260       1     11.57        48   157.27      2.93     3.46       OK     1947709
  261      10     12.29        48    41.64      3.50     2.94       OK     1947708
  262       8     12.07        42    44.36      3.45     2.93       OK     1947707
  263       7     12.47        36    45.60      3.27     2.85       OK     1947706
  264       6     12.68        42    43.69      3.63     2.96       OK     1947705
  265       5     11.66        41   154.98      3.00     3.96       OK     1947704
  266       4     11.60        38   155.24      3.01     3.75       OK     1947703
  267       3     11.87        44   157.28      3.36     3.48       OK     1947702
  268       2     11.91        37   154.96      2.72     3.59       OK     1947701
  269       1     11.69        44   157.25      2.95     3.47       OK     1947700
  270      11     11.89        55    35.26      3.78     4.24       OK     1947699
  271      10     12.34        34    41.19      3.34     3.04       OK     1947698
  272       8     12.86        39    43.87      3.00     2.91       OK     1947697
  273       7     12.67        33    45.26      3.56     2.85       OK     1947696
  274       6     13.28        36    43.39      3.07     2.96       OK     1947695
  275       5     11.79        30   154.83      2.61     3.96       OK     1947694
  276       4     11.66        42   155.05      3.16     4.01       OK     1947693
  277       3     11.80        31   157.27      2.90     3.59       OK     1947692
  278       2     11.67        36   155.02      2.94     3.55       OK     1947691
  279       1     12.21        31   157.29      2.93     3.47       OK     1947690
  280      10     12.23        36    41.52      3.65     2.95       OK     1947689
  281       7     14.70        36    45.46      3.89     2.88     Tq+2     1947688
  282       6     12.80        33    43.81      3.63     2.95       OK     1947687
  283       5     11.63        37   155.18      3.12     4.04       OK     1947686
  284       4     11.43        44   155.41      2.83     3.74       OK     1947685
  285       3     12.15        40   157.27      3.10     3.59       OK     1947684
  286       2     12.04        35   154.88      2.94     3.71       OK     1947683
  287      11     11.72        48    35.11      3.46     4.25       OK     1947682
  288       1     12.04        36   157.30      3.94     3.51       OK     1947681
  289      10     12.23        39    41.50      3.72     2.95       OK     1947680
  290       8     12.53        42    44.00      3.21     2.95       OK     1947679
  291       7     13.18        34    45.43      3.08     2.87       OK     1947678
  292       6     12.39        39    43.72      3.30     2.88       OK     1947677
  293       5     11.61        37   155.02      2.84     4.34       OK     1947676
  294       4     11.89        36   155.21      2.73     3.73       OK     1947675
  295       3     11.80        36   157.27      2.98     3.50       OK     1947674
  296       2     11.76        34   154.87      3.10     3.69       OK     1947673
  297       1     11.85        34   157.29      3.47     3.50       OK     1947672
  298      11     12.19        50    35.36      4.27     4.28       OK     1947671
  299      10     12.58        39    41.25      3.33     2.94       OK     1947670
  300       8     12.46        39    43.91      3.24     2.93       OK     1947669
  301       7     12.84        31    45.25      3.49     2.89       OK     1947668
  302       6     12.68        47    43.54      3.87     2.94       OK     1947667
  303       5     11.67        37   155.07      3.18     3.96       OK     1947666
  304       4     11.64        38   155.30      2.64     3.77       OK     1947665
  305       3     11.95        38   157.29      3.17     3.56       OK     1947664
  306       2     11.94        40   155.00      3.13     3.75       OK     1947663
  307       1     11.79        34   157.29      3.00     3.54       OK     1947662
  308      11     11.94        44    35.35      3.90     4.23       OK     1947661
  309      10     12.69        36    41.54      3.39     2.95       OK     1947660
  310       8     12.32        36    44.08      2.88     2.96       OK     1947659
  311       7     12.57        36    45.56      3.43     2.90       OK     1947658
  312       6     12.67        39    43.81      3.62     2.95       OK     1947657
  313       5     11.64        43   155.15      3.11     4.01       OK     1947656
  314       4     11.41        46   155.36      2.89     6.68       OK     1947655
  315       4      0.34     21056   132.84      0.34     6.02      T+1     1947654
  316       3     11.55        36   157.28      3.14     3.55       OK     1947653
  317       2     11.79        46   154.95      3.01     3.76       OK     1947652
  318      11     11.70        46    35.42      3.52     4.28       OK     1947651
  319       1     11.84        36   157.31      3.15     3.52       OK     1947650
  320      10     12.13        36    41.48      3.46     2.94       OK     1947649
  321       8     12.20        39    44.00      2.97     2.94       OK     1947648
  322       7     12.51        31    45.41      3.67     2.92       OK     1947647
  323       6     12.75        39    43.42      3.04     2.92       OK     1947646
  324       5     11.77        35   155.01      2.66     3.87       OK     1947645
  325       4     11.70        40   155.29      2.59     3.83       OK     1947644
  326       3     11.61        34   157.26      3.10     3.57       OK     1947643
  327       2     11.73        40   155.22      2.89     3.65       OK     1947642
  328       1     11.69        40   157.29      2.82     3.54       OK     1947641
  329      10     12.39        49    41.32      3.63     3.01       OK     1947640
  330       8     12.42        34    43.97      3.93     3.04       OK     1947639
  331       7     13.06        34    45.33      2.98     2.87       OK     1947638
  332       6      0.27     17716     3.57      0.27     5.09    Abort     1947637
  333       6      0.38     21056    20.86      0.38     6.02      T+1     1947636
  334       5     11.64        41   154.88      3.38     3.92       OK     1947635
  335       4     11.65        34   155.13      2.88     3.67       OK     1947634
  336      11     11.85        42    35.22      4.03     4.26       OK     1947633
  337       2     -0.03       103   156.25      0.03     1.06      L+2     1947632
  338       1     11.83        36   157.31      3.52     3.52       OK     1947631
  339      10     12.61        44    41.34      3.37     2.95       OK     1947630
  340       8     12.82        39    43.87      3.52     2.97       OK     1947629
  341       7     12.79        36    45.29      3.33     2.91       OK     1947628
  342       6     12.40        41    43.34      3.43     2.90       OK     1947627
  343       5     11.58        37   154.98      3.33     3.91       OK     1947626
  344       4     11.87        40   155.14      2.93     3.76       OK     1947625
  345       3     12.05        36   157.27      2.67     3.67       OK     1947624
  346      11     11.84        46    33.98      3.89     4.19       OK     1947623
  347       2     11.35        54   155.04      2.98     3.61       OK     1947622
  348       1     11.69        29   157.28      3.14     3.54       OK     1947621
  349      10     12.68        34    41.24      3.11     2.98       OK     1947620
  350       8     12.53        37    43.83      3.66     2.94       OK     1947619
  351       7     12.55        28    45.17      3.65     2.87       OK     1947618
  352       6     12.89        50    43.25      4.10     2.86       OK     1947617
  353       5     11.33        39   154.91      3.02     3.93       OK     1947616
  354       4     11.73        38   155.15      2.88     3.78       OK     1947615
  355       3     11.58        38   157.26      3.03     3.52       OK     1947614
  356       2     11.69        38   154.95      2.62     3.58       OK     1947613
  357       1     11.96        38   157.30      3.20     3.48       OK     1947612
  358       1      0.07     10527   157.22      0.03     6.07      T+2     1947611
  359      11     11.67        43    34.66      3.62     4.22       OK     1947610
  360      10     12.21        32    41.32      3.42     2.93       OK     1947609
  361       8     12.33        39    43.82      3.00     2.95       OK     1947608
  362       7     13.07        31    45.26      3.39     2.85       OK     1947607
  363       6     12.74        41    43.30      3.56     2.87       OK     1947606
  364       5     11.49        30   155.00      3.03     3.96       OK     1947605
  365       4     11.63        42   155.20      2.61     3.75       OK     1947604
  366       3     13.30        38   157.28      2.91     3.58       OK     1947603
  367       2     11.59        38   155.05      2.76     3.74       OK     1947602
  368      11     11.58        43    35.36      3.40     4.23       OK     1947601
  369       1     11.82        31   157.30      2.73     3.52       OK     1947600
  370      10     12.45        29    41.51      2.93     2.96       OK     1947599
  371       8     12.50        31    44.04      3.36     3.00       OK     1947598
  372       7     12.48        36    45.55      3.37     2.95       OK     1947597
  373       6     12.31        42    43.58      4.19     2.93       OK     1947596
  374       5     11.22        35   155.16      2.96     4.17       OK     1947595
  375       4     11.69        36   155.42      2.60     3.76       OK     1947594
  376       3     12.44        36   157.27      3.08     3.53       OK     1947593
  377       2     12.80        36   154.94      2.90     3.61       OK     1947592
  378       1     11.68        42   157.25      3.24     3.57       OK     1947591
  379      11     11.62        44    35.24      3.74     4.31       OK     1947590
  380      10     12.47        34    41.44      3.85     2.93       OK     1947589
  381       8     12.85        36    44.09      3.61     2.95       OK     1947588
  382       7     12.76        31    45.57      3.15     2.89       OK     1947587
  383       6     13.99        39    43.85      3.98     2.98       OK     1947586
  384       5     11.66        35   155.14      3.22     3.92       OK     1947585
  385       4     11.77        38   155.43      3.06     3.69       OK     1947584
  386       3     11.66        39   157.27      3.25     3.55       OK     1947583
  387       2     11.91        33   154.98      3.10     3.59       OK     1947582
  388       1     11.95        36   157.28      2.92     3.52       OK     1947581
  389      11     11.86        45    35.28      3.51     4.30       OK     1947580
  390      10     12.20        39    41.16      3.02     2.94       OK     1947579
  391       8     12.47        34    43.93      3.03     2.96       OK     1947578
  392       7     14.14        39    45.33      3.31     2.89       OK     1947577
  393       6     12.93        44    43.61      3.27     2.95       OK     1947576
  394       5     11.38        41   155.04      3.46     3.99       OK     1947575
  395       4     11.92        36   155.33      2.78     3.77       OK     1947574
  396       3     11.99        38   157.26      2.95     3.59       OK     1947573
  397       2     11.74        42   154.95      2.92     3.73       OK     1947572
  398       1     11.77        31   157.28      3.44     3.54       OK     1947571
  399      11     11.11        46    35.35      3.03     4.33       OK     1947570
  400      10     12.37        31    41.43      3.49     2.94       OK     1947569
  401       8     12.53        37    44.00      3.02     2.93       OK     1947568
  402       7     12.42        31    45.38      3.32     2.92       OK     1947567
  403       6     12.85        41    43.75      3.35     5.81       OK     1947566
  404       5     11.53        41   155.22      3.34     4.59       OK     1947565
  405       4     11.82        38   155.52      2.73     3.81       OK     1947564
  406       3     11.92        31   157.28      3.04     3.61       OK     1947563
  407       2     11.73        40   154.97      2.70     3.61       OK     1947562
  408       1     11.96        31   157.29      2.82     3.52       OK     1947561
  409      11     11.89        37    35.00      3.61     4.24       OK     1947560
  410      10     12.29        39    41.33      3.12     2.95       OK     1947559
  411       8     12.35        36    43.97      3.11     2.94       OK     1947558
  412       7     12.57        34    45.42      3.52     2.88       OK     1947557
  413       6     13.65        39    43.55      3.26     2.91       OK     1947556
  414       5     11.45        37   155.06      3.15     4.01       OK     1947555
  415       4     11.54        40   155.32      2.87     4.29       OK     1947554
  416       3     12.06        42   157.29      3.51     3.53       OK     1947553
  417       2     11.22        44   155.01      2.75     3.68       OK     1947552
  418       1     12.11        33   157.32      2.91     3.54       OK     1947551
  419      11     11.44        52    35.24      4.01     4.28       OK     1947550
  420      10     12.46        39    41.31      3.65     2.94       OK     1947549
  421       8     12.26        36    43.85      3.33     2.92       OK     1947548
  422       7     12.86        33    45.37      3.37     2.85       OK     1947547
  423       6     12.23        39    43.26      3.50     2.91       OK     1947546
  424       5     11.50        32   155.00      2.44     3.92       OK     1947545
  425       4     11.76        40   155.20      2.62     3.78       OK     1947544
  426       3     11.71        38   157.29      3.10     3.63       OK     1947543
  427       2     11.88        38   155.14      2.62     3.63       OK     1947542
  428       1     12.70        29   157.27      2.59     3.50       OK     1947541
  429      10     12.22        39    41.55      3.00     3.01       OK     1947540
  430       8     12.56        39    44.19      3.40     2.99       OK     1947539
  431       7     13.12        34    45.53      3.09     2.92       OK     1947538
  432       6      0.25     17644     3.62      0.25     5.07    Abort     1947537
  433       6      0.23     21055    20.71      0.23     6.02      T+1     1947536
  434       5     11.95        35   155.21      2.61     4.18       OK     1947535
  435       4     11.38        44   155.45      2.77     4.51       OK     1947534
  436       3     11.88        40   157.25      2.89     3.56       OK     1947533
  437       2     11.67        29   155.13      2.77     3.65       OK     1947532
  438      11     11.84        43    35.12      4.30     4.22       OK     1947531
  439       1     12.21        29   157.27      3.33     3.56       OK     1947530
  440      10     12.26        39    41.19      3.40     3.05       OK     1947529
  441       8     13.08        36    43.85      3.01     2.96       OK     1947528
  442       7     12.94        33    45.39      3.45     2.91       OK     1947527
  443       6     12.42        33    43.34      3.66     2.88       OK     1947526
  444       5     11.95        43   154.94      3.06     3.93       OK     1947525
  445       4     11.90        42   155.10      2.78     3.67       OK     1947524
  446       3     11.80        35   157.29      2.92     3.56       OK     1947523
  447       2     11.66        35   154.98      2.83     3.59       OK     1947522
  448       1     11.81        34   157.28      3.16     3.50       OK     1947521
  449      11     11.59        46    35.02      4.07     4.25       OK     1947520
  450      10     12.34        36    41.39      3.52     2.94       OK     1947519
  451       8     12.47        36    43.96      3.36     2.97       OK     1947518
  452       7     12.80        34    45.49      3.49     2.89       OK     1947517
  453       6     13.00        33    43.59      3.69     2.96       OK     1947516
  454       5     11.30        37   155.06      2.90     3.97       OK     1947515
  455       4     12.02        36   155.31      2.70     3.80       OK     1947514
  456       3     11.73        34   157.29      3.01     3.62       OK     1947513
  457       2     11.71        38   154.96      2.36     3.69       OK     1947512
  458       1     11.84        32   157.28      3.13     3.52       OK     1947511
  459      11     11.74        41    35.34      3.72     4.31       OK     1947510
  460      10     12.33        37    41.51      3.65     2.98       OK     1947509
  461       8     13.34        36    44.12      3.48     2.93       OK     1947508
  462       7     12.27        36    45.53      3.51     2.91       OK     1947507
  463       6     12.94        36    43.75      4.17     2.90       OK     1947506
  464       5     11.38        37   155.13      3.12     4.01       OK     1947505
  465       4     11.96        38   155.33      3.17     3.75       OK     1947504
  466       3     11.80        40   157.29      3.37     3.56       OK     1947503
  467       2     11.80        42   154.89      2.91     3.77       OK     1947502
  468      11     11.81        46    35.38      3.83     4.27       OK     1947501
  469       1     12.10        32   157.29      3.18     3.52       OK     1947500
  470      10     12.38        46    41.34      3.28     3.02       OK     1947499
  471       8     12.45        39    43.97      3.23     2.94       OK     1947498
  472       7     12.99        34    45.25      3.17     2.93       OK     1947497
  473       6     12.67        39    43.46      3.23     2.97       OK     1947496
  474       5     11.42        35   155.01      3.34     3.97       OK     1947495
  475       4     11.92        36   155.22      2.78     3.75       OK     1947494
  476       3     12.37        36   157.28      2.88     3.53       OK     1947493
  477       2     11.91        35   155.01      2.59     3.60       OK     1947492
  478      11     11.73        52    35.37      3.82     4.25       OK     1947491
  479       1     12.02        27   157.32      3.28     3.53       OK     1947490
  480      10     12.32        41    41.53      3.75     2.96       OK     1947489
  481       8     12.18        47    44.01      3.39     2.98       OK     1947488
  482       7     13.05        47    45.43      3.78     2.87       OK     1947487
  483       6     13.63        39    43.59      4.13     3.04       OK     1947486
  484       5     11.32        37   154.93      2.93     4.00       OK     1947485
  485       4     11.34        50   155.33      2.82     3.80       OK     1947484
  486       3     11.91        36   157.27      3.05     3.62       OK     1947483
  487       2     11.55        46   155.03      2.52     3.60       OK     1947482
  488       1     11.73        40   157.34      3.02     3.53       OK     1947481
  489      11     11.59        46    35.54      3.51     4.32       OK     1947480
  490      10     12.50        37    41.65      3.33     2.98       OK     1947479
  491       8     12.66        39    44.34      3.36     2.92       OK     1947478
  492       7     12.51        39    45.64      3.29     2.92       OK     1947477
  493       6     13.23        36    43.85      3.41     3.06       OK     1947476
  494       5     11.40        33   155.20      2.83     4.09       OK     1947475
  495       4     11.95        40   155.53      2.63     3.79       OK     1947474
  496       3     11.95        34   157.27      3.05     3.55       OK     1947473
  497       2     11.81        42   155.13      2.95     3.73       OK     1947472
  498       1     11.99        33   157.28      2.77     3.51       OK     1947471
  499      11     11.65        48    35.32      4.26     4.29       OK     1947470
  500      10     12.38        37    41.24      3.47     3.02       OK     1947469
  501       8     12.82        33    43.90      3.11     3.01       OK     1947468
  502       7     12.71        33    45.37      3.62     2.91       OK     1947467
  503       6     12.67        44    43.41      4.04     2.95       OK     1947466
  504       5     11.35        39   154.84      3.36     3.81       OK     1947465
  505       4     11.72        38   155.06      3.02     3.86       OK     1947464
  506       3     11.72        42   157.26      3.23     3.53       OK     1947463
  507       2     11.69        38   155.00      2.89     3.61       OK     1947462
  508       1     11.83        44   157.28      3.38     3.52       OK     1947461
  509      11     11.53        48    35.33      4.01     4.31       OK     1947460
  510      10     12.24        37    41.63      3.27     2.97       OK     1947459
  511       8     12.37        39    44.29      3.66     2.93       OK     1947458
  512       7     12.60        44    45.82      3.79     2.88       OK     1947457
  513       6     12.73        39    43.96      3.73     2.94       OK     1947456
  514       5     11.66        36   155.09      3.13     4.08       OK     1947455
  515       4     12.71        38   155.33      2.88     3.71       OK     1947454
  516       3     11.81        38   157.26      3.26     3.65       OK     1947453
  517       2     11.87        35   155.09      2.37     3.72       OK     1947452
  518      11     11.86        46    35.38      3.71     4.25       OK     1947451
  519       1     11.82        38   157.27      3.20     3.51       OK     1947450
  520      10     12.35        44    41.36      3.70     2.92       OK     1947449
  521       8     12.47        42    44.09      2.63     2.94       OK     1947448
  522       7     13.01        36    45.30      3.35     2.96       OK     1947447
  523       6     12.58        39    43.42      3.85     2.94       OK     1947446
  524       5     11.49        36   154.81      3.26     3.93       OK     1947445
  525       4     12.02        34   155.02      3.21     3.68       OK     1947444
  526       3     11.63        38   157.26      3.28     3.55       OK     1947443
  527       2     11.75        36   154.95      3.10     3.62       OK     1947442
  528      11     11.74        45    35.35      3.72     4.21       OK     1947441
  529       1     11.73        36   157.33      2.92     3.47       OK     1947440
  530      10     12.10        34    41.55      2.94     2.97       OK     1947439
  531       8     12.32        39    44.46      3.38     2.93       OK     1947438
  532       7     12.95        31    45.60      3.53     2.87       OK     1947437
  533       6     12.72        39    43.92      3.18     2.90       OK     1947436
  534       5     11.34        41   155.20      3.15     4.01       OK     1947435
  535       4     11.81        46   155.44      2.67     3.76       OK     1947434
  536       3     11.95        40   157.26      3.08     3.54       OK     1947433
  537       2     11.58        51   154.92      2.70     3.74       OK     1947432
  538      11     11.40        39    35.19      3.91     4.27       OK     1947431
  539       1     11.90        38   157.29      3.46     3.48       OK     1947430
  540      10     12.41        37    41.51      3.42     2.91       OK     1947429
  541       8     12.37        39    44.07      3.01     2.93       OK     1947428
  542       7     12.82        31    45.51      3.94     2.91       OK     1947427
  543       6     12.67        39    43.67      3.46     3.16       OK     1947426
  544       5     11.62        37   155.01      2.94     3.93       OK     1947425
  545       4     12.13        36   155.19      2.58     3.81       OK     1947424
  546       3     11.80        31   157.29      3.09     3.64       OK     1947423
  547      11     11.55        45    35.24      3.65     4.29       OK     1947422
  548       2     12.09        37   154.93      3.28     3.59       OK     1947421
  549       1     11.66        38   157.29      3.75     3.52       OK     1947420
  550      10     12.39        37    41.63      3.31     2.94       OK     1947419
  551       8     12.80        36    44.34      3.61     3.00       OK     1947418
  552       7     12.69        34    45.51      3.97     2.87       OK     1947417
  553       6     12.69        39    43.90      3.52     2.95       OK     1947416
  554       5     11.57        43   155.19      3.28     3.96       OK     1947415
  555       4     11.70        42   155.53      2.50     3.78       OK     1947414
  556       3     11.89        40   157.27      2.94     3.54       OK     1947413
  557       2     11.63        48   154.93      3.14     3.71       OK     1947412
  558       1     11.61        38   157.28      3.14     3.53       OK     1947411
  559       1      0.05     10527   157.21      0.04     6.07      T+2     1947410
  560       1      0.05     10527   157.21      0.04     6.07      T+2     1947410
  561      10     12.64        34    41.09      3.86     2.94       OK     1947409
  562       8     12.37        34    43.96      3.23     2.94       OK     1947408
  563       7     12.50        39    45.39      2.96     2.90       OK     1947407
  564       6     12.75        33    43.54      3.26     2.95       OK     1947406
  565       4      0.17     21056   107.84      0.17     6.02      T+1     1947405
  566       4      0.86     21054   138.47      0.86     6.02      T+1     1947404
  567       3     12.05        40   157.28      3.24     3.54       OK     1947403
  568       2     11.72        38   155.00      2.70     3.61       OK     1947402
  569       1     11.90        38   157.27      3.95     3.49       OK     1947401
  570      11     11.80        41    35.07      4.07     4.28       OK     1947400
  571      10     12.73        39    41.65      3.44     2.96       OK     1947399
  572       8     12.71        36    44.25      3.29     2.96       OK     1947398
  573       7     13.15        34    45.54      3.96     2.89       OK     1947397
  574       6     12.71        36    43.79      3.11     2.91       OK     1947396
  575       5     11.42        35   155.28      3.18     4.01       OK     1947395
  576       4     11.71        44   155.53      2.47     3.85       OK     1947394
  577       3     11.84        33   157.27      2.38     3.57       OK     1947393
  578       2     11.78        44   154.95      2.92     3.69       OK     1947392
  579      11     11.48        50    35.27      4.21     4.25       OK     1947391
  580       1     11.50        50   157.28      3.43     3.55       OK     1947390
  581      10     12.36        34    41.38      3.33     2.96       OK     1947389
  582       8     12.52        34    44.08      3.62     2.94       OK     1947388
  583       7     13.65        33    45.38      3.20     2.87       OK     1947387
  584       6     12.96        39    43.42      3.99     3.14       OK     1947386
  585       5     11.46        34   154.71      2.93     3.95       OK     1947385
  586       4     11.84        38   154.94      2.89     3.70       OK     1947384
  587       3     12.09        36   157.27      3.73     3.68       OK     1947383
  588       2     11.91        33   154.91      2.89     3.67       OK     1947382
  589       1     11.69        34   157.29      3.06     3.52       OK     1947381
  590      11     11.59        43    35.42      4.15     4.28       OK     1947380
  591      10     12.25        36    41.55      3.46     2.95       OK     1947379
  592       8     14.03        36    44.28      3.56     2.93       OK     1947378
  593       7     13.20        39    45.77      3.54     2.86       OK     1947377
  594       6     12.59        33    43.79      3.27     2.93       OK     1947376
  595       5     11.49        36   155.13      2.90     3.99       OK     1947375
  596       4     11.64        36   155.53      2.66     3.83       OK     1947374
  597       3     12.33        31   157.28      2.90     3.52       OK     1947373
  598       2     11.77        38   155.14      2.86     3.68       OK     1947372
  599       1     11.69        42   157.28      3.20     3.51       OK     1947371
  600      11     11.80        50    35.38      3.59     4.31       OK     1947370
  601      10     12.29        37    41.20      3.85     2.96       OK     1947369
  602       8     12.12        50    43.96      3.54     2.97       OK     1947368
  603       7     12.56        34    45.44      3.40     2.89       OK     1947367
  604       6     12.53        33    43.36      3.67     3.19       OK     1947366
  605       5     11.40        34   154.69      3.14     4.00       OK     1947365
  606       4     11.69        38   154.90      2.91     3.71       OK     1947364
  607       3     11.95        36   157.28      3.05     3.54       OK     1947363
  608       2     11.89        39   154.85      2.88     3.69       OK     1947362
  609       1     12.00        34   157.27      3.21     3.51       OK     1947361
  610      11     11.61        44    35.33      3.88     4.28       OK     1947360
  611      10     12.45        34    41.48      2.96     2.97       OK     1947359
  612       8     12.34        39    44.08      3.33     2.92       OK     1947358
  613       7     12.53        31    45.65      3.26     2.87       OK     1947357
  614       6     12.56        39    43.85      3.32     2.94       OK     1947356
  615       5     11.52        39   154.97      3.08     4.01       OK     1947355
  616       4     11.55        44   155.21      2.89     3.74       OK     1947354
  617       3     11.85        32   157.27      3.35     3.54       OK     1947353
  618       2     11.79        34   154.96      3.18     3.69       OK     1947352
  619       1     13.51        34   157.27      3.06     3.51       OK     1947351
  620      11     22.30      1525     0.40     22.30     0.69     Tq+1     1947350
  621      10     12.37        39    41.36      3.60     2.94       OK     1947349
  622       8     12.96        36    44.08      3.29     2.93       OK     1947348
  623       7     13.01        39    45.62      2.93     2.91       OK     1947347
  624       6     12.67        42    43.70      3.75     2.96       OK     1947346
  625       5     11.81        37   154.78      3.19     3.85       OK     1947345
  626       4     11.72        33   154.94      2.95     3.84       OK     1947344
  627       3     11.93        38   157.26      2.98     3.56       OK     1947343
  628       2     11.82        35   154.97      2.95     3.58       OK     1947342
  629       1     11.71        29   157.28      3.41     3.51       OK     1947341
  630      10     12.34        36    41.51      3.73     2.95       OK     1947340
  631       8     12.35        39    44.12      3.33     3.05       OK     1947339
  632       7     12.65        31    45.58      3.61     2.90       OK     1947338
  633       6      0.34     21054    20.99      0.34     6.02      T+1     1947337
  634       6      0.55     21055    21.17      0.55     6.02      T+1     1947336
  635       5     11.56        40   155.21      2.81     5.57       OK     1947335
  636       4     11.64        38   155.45      2.59     3.75       OK     1947334
  637       3     12.53        36   157.29      3.03     3.57       OK     1947333
  638       2     11.63        33   154.95      2.74     3.64       OK     1947332
  639      11     11.76        43    35.61      3.54     4.25       OK     1947331
  640       1     11.93        40   157.30      3.25     3.52       OK     1947330
  641      10     12.05        34    41.46      3.23     3.03       OK     1947329
  642       8     12.44        33    44.00      3.67     2.94       OK     1947328
  643       7     12.70        39    45.46      3.67     2.90       OK     1947327
  644       6     12.87        42    43.57      3.19     3.14       OK     1947326
  645       5     11.26        37   155.00      2.31     3.98       OK     1947325
  646       4     11.88        38   155.30      3.04     3.75       OK     1947324
  647       3     11.66        37   157.27      2.99     3.48       OK     1947323
  648       2     11.62        38   155.07      2.78     3.59       OK     1947322
  649       1     11.96        40   157.28      2.92     3.55       OK     1947321
  650      10     12.88        32    41.22      3.25     3.02       OK     1947320
  651       8     15.22        35    43.87      3.37     2.96     Tq+2     1947319
  652       7     12.54        36    45.41      3.86     2.90       OK     1947318
  653       6     12.55        47    43.53      3.84     2.98       OK     1947317
  654       5     11.70        32   154.97      3.11     3.99       OK     1947316
  655       4     11.59        38   155.16      2.89     3.75       OK     1947315
  656       3     11.96        40   157.26      3.16     3.67       OK     1947314
  657       2     12.04        38   155.01      2.70     3.60       OK     1947313
  658       1     11.79        33   157.27      3.12     3.50       OK     1947312
  659      11     11.77        42    35.63      3.84     4.27       OK     1947311
  660      10     12.04        32    41.44      2.86     3.03       OK     1947310
  661       8     12.31        41    44.10      3.27     2.95       OK     1947309
  662       7     12.25        36    45.53      3.54     2.88       OK     1947308
  663       6     12.90        34    43.68      3.53     3.01       OK     1947307
  664       5     11.44        37   155.12      2.80     3.93       OK     1947306
  665       4     11.65        42   155.33      2.55     3.80       OK     1947305
  666       4      0.26     21055   133.18      0.26     6.02      T+1     1947304
  667       3     11.65        35   157.28      2.73     3.53       OK     1947303
  668       2     12.11        33   155.03      2.72     3.59       OK     1947302
  669       1     12.02        29   157.28      2.90     3.54       OK     1947301
  670      11     11.57        44    34.80      3.96     4.25       OK     1947300
  671      10     12.40        36    41.52      3.22     2.97       OK     1947299
  672       8     13.22        39    44.04      3.73     3.06       OK     1947298
  673       7     12.45        36    45.59      4.20     2.92       OK     1947297
  674       6     12.58        47    43.72      3.81     3.11       OK     1947296
  675       5     11.50        35   155.18      2.91     4.01       OK     1947295
  676       4     11.63        40   155.51      3.05     3.80       OK     1947294
  677       3     11.93        42   157.28      3.74     3.54       OK     1947293
  678       2     11.81        40   154.94      3.05     3.64       OK     1947292
  679      11     11.90        39    34.60      4.54     4.21       OK     1947291
  680       1     12.31        40   157.29      3.63     3.52       OK     1947290
  681      10     12.71        36    41.26      3.33     3.04       OK     1947289
  682       8     12.86        41    43.87      3.55     2.98       OK     1947288
  683       7     12.72        36    45.37      3.22     2.89       OK     1947287
  684       6     12.68        39    43.54      3.73     2.98       OK     1947286
  685       5     11.38        39   154.91      3.16     3.87       OK     1947285
  686       4     11.86        40   155.11      3.14     3.82       OK     1947284
  687       3     12.07        33   157.25      2.69     3.58       OK     1947283
  688       2     11.62        38   155.10      2.93     3.63       OK     1947282
  689       1     11.81        27   157.30      3.43     3.50       OK     1947281
  690      11     11.41        46    35.28      4.30     4.27       OK     1947280
  691      10     12.48        36    41.54      3.58     2.96       OK     1947279
  692       8     12.52        39    44.09      3.10     2.97       OK     1947278
  693       7     12.73        31    45.53      3.56     2.90       OK     1947277
  694       6     12.74        36    43.69      3.61     2.98       OK     1947276
  695       5     11.57        39   155.04      2.79     3.94       OK     1947275
  696       4     11.63        40   155.31      2.87     3.78       OK     1947274
  697       3     11.72        32   157.28      3.19     3.55       OK     1947273
  698       2     11.63        38   154.92      2.64     3.75       OK     1947272
  699       1     12.02        38   157.26      3.17     3.50       OK     1947271
  700      11     11.69        48    34.81      3.52     4.24       OK     1947270
  701      10     12.22        34    41.37      3.78     3.09       OK     1947269
  702       8     12.73        33    43.93      3.07     2.97       OK     1947268
  703       7     12.59        39    45.56      3.62     2.92       OK     1947267
  704       6     12.87        36    43.72      3.29     2.88       OK     1947266
  705       5     11.74        34   155.06      3.14     4.00       OK     1947265
  706       4     11.70        32   155.35      2.70     3.82       OK     1947264
  707       3     11.82        38   157.29      3.32     3.53       OK     1947263
  708       2     11.61        36   154.99      2.87     3.61       OK     1947262
  709       1     12.14        32   157.26      3.74     3.53       OK     1947261
  710      11     11.48        53    35.27      4.30     4.30       OK     1947260
  711      10     12.43        39    41.33      3.36     2.99       OK     1947259
  712       8     12.50        36    44.00      3.65     2.97       OK     1947258
  713       7     12.48        33    45.42      3.70     2.88       OK     1947257
  714       6     12.45        36    43.67      3.63     2.96       OK     1947256
  715       5     11.76        42   155.10      3.58     4.00       OK     1947255
  716       4     11.71        33   155.25      2.72     3.75       OK     1947254
  717       3     11.71        38   157.26      3.37     3.60       OK     1947253
  718       2     11.76        35   154.95      3.05     3.73       OK     1947252
  719      11     11.79        48    35.46      3.87     4.27       OK     1947251
  720       1     11.85        31   157.29      3.67     3.52       OK     1947250
  721      10     12.51        36    41.35      3.46     2.96       OK     1947249
  722       8     12.67        36    44.07      2.94     2.95       OK     1947248
  723       7     12.54        33    45.40      4.04     2.88       OK     1947247
  724       6     12.66        36    43.59      3.03     2.95       OK     1947246
  725       5     11.24        39   155.04      2.97     3.99       OK     1947245
  726       4     11.99        40   155.32      2.78     4.48       OK     1947244
  727       3     11.88        36   157.26      3.03     3.54       OK     1947243
  728       2     11.70        40   154.98      2.65     3.68       OK     1947242
  729      11     12.07        39    35.22      3.73     4.28       OK     1947241
  730       1     11.86        40   157.29      3.35     3.53       OK     1947240
  731      10     12.16        34    41.46      3.10     2.97       OK     1947239
  732       8     12.64        39    43.92      3.29     2.94       OK     1947238
  733       7     12.67        41    45.37      3.03     2.92       OK     1947237
  734       6     12.84        39    43.57      3.86     2.94       OK     1947236
  735       5     11.24        35   154.94      3.47     3.97       OK     1947235
  736       4     11.43        40   155.21      2.97     3.83       OK     1947234
  737       3     11.89        36   157.26      3.14     3.69       OK     1947233
  738      11     11.47        46    34.20      4.14     4.21       OK     1947232
  739       2     11.85        38   154.94      2.96     3.61       OK     1947231
  740       1     12.03        38   157.29      3.59     3.54       OK     1947230
  741      10     12.47        39    41.13      3.62     3.00       OK     1947229
  742       8     12.82        39    43.89      3.85     3.03       OK     1947228
  743       7     12.71        39    45.35      4.18     2.95       OK     1947227
  744       6     12.76        36    43.53      3.59     2.96       OK     1947226
  745       5     11.78        37   154.90      3.29     3.88       OK     1947225
  746       4     11.94        35   155.17      2.90     3.73       OK     1947224
  747       3     11.90        42   157.29      3.36     3.58       OK     1947223
  748      11     11.78        48    35.34      3.66     4.30       OK     1947222
  749       2     11.50        40   155.02      2.83     3.65       OK     1947221
  750       1     11.94        42   157.29      3.71     3.51       OK     1947220
  751      10     12.37        34    41.38      3.57     2.97       OK     1947219
  752       8     12.31        39    44.07      3.43     2.94       OK     1947218
  753       7     12.59        28    45.33      3.49     2.96       OK     1947217
  754       6     12.58        44    43.54      4.14     2.95       OK     1947216
  755       5     11.76        33   154.77      3.11     3.97       OK     1947215
  756       4     11.81        37   155.02      2.88     3.72       OK     1947214
  757       3     11.99        40   157.28      3.10     3.55       OK     1947213
  758       2     12.91        36   154.86      2.58     3.68       OK     1947212
  759       1     11.91        42   157.28      3.53     3.56       OK     1947211
  760      11     11.49        41    35.21      3.73     4.30       OK     1947210
  761      10     12.49        39    41.39      4.13     2.97       OK     1947209
  762       8     12.29        36    44.13      3.01     2.97       OK     1947208
  763       7     12.59        36    45.63      4.04     2.90       OK     1947207
  764       6     12.36        42    43.70      3.41     3.01       OK     1947206
  765       5     11.52        39   155.17      2.85     4.11       OK     1947205
  766       4     11.86        38   155.40      2.76     3.85       OK     1947204
  767       3     12.02        39   157.28      3.14     3.56       OK     1947203
  768       2     11.95        35   154.94      3.06     3.70       OK     1947202
  769      11     11.61        41    35.21      3.85     4.28       OK     1947201
  770       1     11.68        31   157.25      2.87     3.54       OK     1947200
  771      10     12.44        32    41.36      3.55     2.87       OK     1947199
  772       8     13.19        41    43.90      3.75     2.95       OK     1947198
  773       7     12.31        31    45.44      3.63     2.89       OK     1947197
  774       6     12.70        42    43.68      3.91     3.53       OK     1947196
  775       5     11.33        37   154.92      2.96     3.99       OK     1947195
  776       4     11.73        40   155.06      3.00     3.84       OK     1947194
  777       3     11.51        35   157.26      3.11     3.55       OK     1947193
  778       2     11.80        35   154.85      2.92     3.71       OK     1947192
  779       1     12.02        38   157.28      3.41     3.52       OK     1947191
  780      11     11.65        44    35.26      3.82     4.28       OK     1947190
  781      10     12.68        36    41.37      3.82     2.95       OK     1947189
  782       8     12.55        36    44.00      3.39     2.93       OK     1947188
  783       7     12.81        36    45.50      3.63     2.89       OK     1947187
  784       6     12.81        50    43.70      3.39     2.97       OK     1947186
  785       5     11.38        41   154.90      3.29     4.03       OK     1947185
  786       4     11.71        36   155.14      2.70     3.77       OK     1947184
  787       3     11.86        38   157.28      3.05     3.68       OK     1947183
  788       2     11.90        38   154.94      2.97     3.60       OK     1947182
  789       1     11.98        36   157.27      3.29     3.52       OK     1947181
  790      11     11.65        50    35.21      4.16     4.30       OK     1947180
  791      10     12.20        34    41.34      3.82     2.90       OK     1947179
  792       8     12.30        39    43.92      3.20     2.94       OK     1947178
  793       7     12.54        28    45.41      3.56     2.91       OK     1947177
  794       6     12.54        42    43.54      3.81     3.01       OK     1947176
  795       5     11.25        44   154.82      3.31     4.01       OK     1947175
  796       4     11.63        46   155.06      2.99     4.69       OK     1947174
  797       3     11.87        38   157.29      3.33     3.57       OK     1947173
  798       2     11.78        33   154.94      2.71     3.60       OK     1947172
  799       1     11.95        36   157.28      3.63     3.55       OK     1947171
  800      11     11.85        44    35.28      4.07     4.29       OK     1947170
  801      10     12.43        39    41.54      3.67     2.95       OK     1947169
  802       8     12.50        39    43.99      3.38     2.97       OK     1947168
  803       7     12.75        34    45.52      3.52     2.90       OK     1947167
  804       6     12.60        50    43.66      3.33     2.88       OK     1947166
  805       5     11.26        34   155.24      3.43     4.52       OK     1947165
  806       4     11.47        38   155.45      2.96     3.81       OK     1947164
  807       3     11.86        38   157.28      3.30     3.53       OK     1947163
  808       2     11.94        32   154.94      2.97     3.75       OK     1947162
  809       1     11.98        32   157.28      3.24     3.50       OK     1947161
  810      11     11.74        50    35.27      4.33     4.29       OK     1947160
  811      10     12.24        41    41.30      3.92     2.97       OK     1947159
  812       8     12.43        39    43.97      3.57     2.95       OK     1947158
  813       7     12.88        33    45.33      3.43     2.89       OK     1947157
  814       6     12.63        39    43.42      3.73     2.96       OK     1947156
  815       5     11.35        35   154.80      3.49     3.97       OK     1947155
  816       4     11.94        33   155.02      3.14     3.77       OK     1947154
  817       3     11.96        42   157.27      3.00     3.62       OK     1947153
  818       2     12.04        37   154.93      2.57     3.61       OK     1947152
  819       1     11.69        44   157.27      3.77     3.53       OK     1947151
  820      11     11.40        46    35.74      3.80     4.33       OK     1947150
  821      10     12.01        37    41.50      3.36     2.97       OK     1947149
  822       8     12.46        34    44.17      3.39     2.95       OK     1947148
  823       7     13.52        33    45.54      3.82     3.01       OK     1947147
  824       6     12.68        39    43.81      3.78     3.01       OK     1947146
  825       5     11.51        37   155.08      2.99     4.03       OK     1947145
  826       4     11.88        38   155.30      2.59     3.80       OK     1947144
  827       3     11.78        37   157.27      2.95     3.53       OK     1947143
  828       2     11.84        38   154.97      2.40     3.63       OK     1947142
  829       1     12.05        42   157.31      2.87     3.57       OK     1947141
  830      11     11.67        46    35.53      3.76     4.36       OK     1947140
  831      10     12.16        37    41.64      3.24     2.98       OK     1947139
  832       8     12.22        36    44.30      3.38     2.97       OK     1947138
  833       7     12.81        47    45.69      4.06     2.93       OK     1947137
  834       6     12.94        33    43.82      3.65     3.36       OK     1947136
  835       5     11.46        37   155.06      3.04     3.95       OK     1947135
  836       4     11.63        44   155.41      2.74     3.79       OK     1947134
  837       3     11.90        34   157.27      3.40     3.67       OK     1947133
  838       2     11.68        40   155.18      2.73     3.69       OK     1947132
  839       1     11.81        38   157.29      3.14     3.65       OK     1947131
  840      11     11.80        40    35.93      3.19     4.42       OK     1947130
  841      10     12.23        32    41.55      3.09     2.99       OK     1947129
  842       8     12.48        31    44.13      2.98     2.98       OK     1947128
  843       7     12.46        36    45.42      3.53     2.96       OK     1947127
  844       6     12.17        44    43.77      3.30     3.64       OK     1947126
  845       5     11.36        37   155.09      3.26     3.99       OK     1947125
  846       4     11.91        35   155.44      2.38     3.82       OK     1947124
  847       3     11.70        40   157.27      2.95     3.61       OK     1947123
  848       2     11.30        53   155.04      2.38     3.65       OK     1947122
  849       1     13.34        40   157.28      3.27     3.53       OK     1947121
  850      11     11.93        53    35.68      3.90     4.33       OK     1947120
  851      10     12.30        39    41.36      3.28     3.02       OK     1947119
  852       8     12.37        36    44.01      3.06     3.03       OK     1947118
  853       7     12.75        33    45.34      3.35     2.88       OK     1947117
  854       6     12.54        41    43.56      3.41     2.97       OK     1947116
  855       5     11.54        36   154.97      2.86     3.94       OK     1947115
  856       4     11.86        35   155.19      3.00     3.65       OK     1947114
  857       3     11.89        36   157.29      3.22     3.52       OK     1947113
  858       2     12.58        35   154.97      2.60     3.59       OK     1947112
  859       1     12.00        32   157.27      2.58     3.55       OK     1947111
  860      11     11.67        43    35.33      3.59     4.31       OK     1947110
  861      10     13.01        32    41.46      3.32     2.97       OK     1947109
  862       8     12.56        39    44.07      3.86     2.97       OK     1947108
  863       7     12.54        36    45.47      3.12     2.90       OK     1947107
  864       6     12.32        46    43.81      3.77     2.96       OK     1947106
  865       5     11.53        37   155.11      3.02     4.02       OK     1947105
  866       4     11.70        42   155.40      2.84     3.85       OK     1947104
  867       3     11.72        33   157.29      3.01     3.56       OK     1947103
  868       2     11.85        35   154.95      3.13     3.64       OK     1947102
  869       1     12.22        37   157.26      3.52     3.48       OK     1947101
  870       1      0.03     10526   157.21      0.03     6.08      T+2     1947100
  871      11     11.42        37    35.50      3.38     4.32       OK     1947099
  872      11     11.63        37    35.35      4.01     4.27       OK     1947098
  873      10     12.02        39    41.62      3.05     2.96       OK     1947097
  874       8     12.45        33    44.44      3.30     3.04       OK     1947096
  875       7     12.54        39    45.63      3.50     2.89       OK     1947095
  876       6     12.35        36    43.61      3.57     2.97       OK     1947094
  877       5     11.68        41   154.93      2.93     3.87       OK     1947093
  878       4     11.51        56   155.29      2.37     3.73       OK     1947092
  879       3     11.92        42   157.28      3.11     3.58       OK     1947091
  880       2     13.88        29   155.16      2.72     3.66       OK     1947090
  881       1     11.53        65   157.28      2.92     3.53       OK     1947089
  882      10     12.24        36    41.69      3.16     3.00       OK     1947088
  883       8     12.59        39    44.60      3.36     3.02       OK     1947087
  884       7     12.82        31    45.76      3.65     2.90       OK     1947086
  885       6     12.86        41    43.99      3.76     2.97       OK     1947085
  886       5     11.34        32   154.81      3.14     3.96       OK     1947084
  887       4     11.55        46   155.06      2.80     3.78       OK     1947083
  888       3     11.51        38   157.29      3.03     3.62       OK     1947082
  889       2     11.75        46   154.82      3.05     3.74       OK     1947081
  890       1     11.90        38   157.28      3.37     3.50       OK     1947080
  891      11     11.90        39    35.45      3.92     4.27       OK     1947079
  892      10     12.61        36    41.67      3.23     3.00       OK     1947078
  893       8     12.38        33    44.70      3.22     3.08       OK     1947077
  894       7     13.51        36    45.78      3.49     2.90       OK     1947076
  895       6     12.69        44    43.91      3.89     2.94       OK     1947075
  896       5     11.54        28   154.85      3.18     3.93       OK     1947074
  897       4     11.59        44   155.04      2.79     3.70       OK     1947073
  898       3     11.98        37   157.27      2.89     3.68       OK     1947072
  899       2     11.42        36   154.78      3.21     3.68       OK     1947071
  900       1     11.83        44   157.28      3.52     3.52       OK     1947070
  901      11     11.96        41    34.86      4.15     4.23       OK     1947069
  902      10     12.31        44    41.73      3.34     3.00       OK     1947068
  903       8     12.34        39    44.51      2.89     3.10       OK     1947067
  904       7     13.24        33    45.69      3.76     2.90       OK     1947066
  905       6     12.56        44    43.75      3.09     2.97       OK     1947065
  906       5     11.69        37   155.06      2.89     3.98       OK     1947064
  907       4     11.73        52   155.37      2.46     3.85       OK     1947063
  908       3     11.83        36   157.28      3.51     3.58       OK     1947062
  909       2     11.63        35   155.05      3.07     3.77       OK     1947061
  910      11     11.57        41    35.31      3.96     4.26       OK     1947060
  911       1     11.72        44   157.28      2.88     3.53       OK     1947059
  912      10     12.31        34    41.74      3.20     2.98       OK     1947058
  913       8     12.80        42    44.43      3.20     3.04       OK     1947057
  914       7     12.60        33    45.70      2.96     2.89       OK     1947056
  915       6     12.42        39    43.62      3.71     2.93       OK     1947055
  916       5     11.56        41   155.00      3.06     4.05       OK     1947054
  917       4     11.79        38   155.28      2.58     3.73       OK     1947053
  918       3     11.84        36   157.28      2.91     3.62       OK     1947052
  919       2     13.40        34   155.14      2.81     4.15       OK     1947051
  920      11     11.50        37    35.34      4.14     4.28       OK     1947050
  921       1     11.49        59   157.29      3.02     3.52       OK     1947049
  922      10     12.69        36    41.63      3.20     2.96       OK     1947048
  923       8     12.83        36    44.41      3.00     2.94       OK     1947047
  924       7     12.73        33    45.81      3.59     2.89       OK     1947046
  925       6     13.09        36    43.37      3.39     2.87       OK     1947045
  926       5     11.73        37   154.78      3.06     3.88       OK     1947044
  927       4     11.78        54   155.04      2.68     3.62       OK     1947043
  928       3     11.96        38   157.28      3.41     3.55       OK     1947042
  929       2     11.65        40   154.94      2.96     3.63       OK     1947041
  930       1     12.08        44   157.29      3.02     3.51       OK     1947040
  931      10     12.08        44    41.60      3.44     3.14       OK     1947039
  932       8     12.27        39    44.36      3.81     3.03       OK     1947038
  933       7     12.87        36    45.52      3.99     2.92       OK     1947037
  934       6      0.00        66    45.34      0.09     0.83      L+2     1947036
  935       6      0.33     21055    21.58      0.33     6.02      T+1     1947035
  936       5     11.46        39   155.11      3.17     3.88       OK     1947034
  937       4     11.45        53   155.28      2.82     3.73       OK     1947033
  938       3     11.83        36   157.28      2.88     3.61       OK     1947032
  939       2     11.72        42   154.99      3.15     3.65       OK     1947031
  940       1     11.55        54   157.29      3.65     3.49       OK     1947030
  941       1      0.04     10526   157.21      0.04     6.08      T+2     1947029
  942      11     11.28        42    34.81      4.01     4.26       OK     1947028
  943      11      0.13       110    38.05      0.09     1.30      L+2     1947027
  944      10     12.40        39    41.49      3.35     2.94       OK     1947026
  945       8     12.47        39    44.17      3.45     2.93       OK     1947025
  946       7     13.03        33    45.57      3.75     2.88       OK     1947024
  947       6     12.64        34    43.49      3.84     2.86       OK     1947023
  948       5     11.48        39   154.98      3.24     3.83       OK     1947022
  949       4     11.63        48   155.33      2.85     3.68       OK     1947021
  950       3     11.68        38   157.28      3.29     3.55       OK     1947020
  951       2     11.77        31   155.04      2.95     3.62       OK     1947019
  952       1     11.68        59   157.26      3.31     3.53       OK     1947018
  953      10     12.22        44    41.63      3.89     2.95       OK     1947017
  954       8     12.77        33    44.13      3.78     2.94       OK     1947016
  955       7     13.06        33    45.60      3.44     2.87       OK     1947015
  956       6     12.18        44    43.41      3.84     2.89       OK     1947014
  957       5     11.41        41   154.98      2.97     3.86       OK     1947013
  958       4     11.48        71   155.25      2.89     3.70       OK     1947012
  959       3     11.72        42   157.27      3.07     3.57       OK     1947011
  960       2     11.44        48   155.14      2.97     3.64       OK     1947010
  961       1     11.71        50   157.29      2.88     3.51       OK     1947009
  962      11     11.81        43    33.02      3.94     4.26       OK     1947008
  963      10     12.08        41    41.66      3.42     3.02       OK     1947007
  964       8     12.62        45    44.43      3.82     3.08       OK     1947006
  965       7     12.79        34    45.55      3.93     2.89       OK     1947005
  966       6     12.60        47    43.81      3.52     2.89       OK     1947004
  967       5     11.94        34   155.09      3.46     3.89       OK     1947003
  968       4     11.98        44   155.43      3.01     3.76       OK     1947002
  969       3     13.50        34   157.28      3.00     3.63       OK     1947001
  970       2     11.50        54   155.00      3.07     3.70       OK     1947000
  971      11     11.69        37    35.27      3.55     4.28       OK     1946999
  972       1     11.24        56   157.28      3.69     3.51       OK     1946998
  973      10     12.15        39    41.64      3.48     2.96       OK     1946997
  974       8     12.43        33    44.42      3.20     2.95       OK     1946996
  975       7     12.69        39    45.76      3.17     2.90       OK     1946995
  976       6     12.34        36    43.46      3.65     2.94       OK     1946994
  977       5     11.60        35   154.85      2.96     3.81       OK     1946993
  978       4     11.53        53   155.09      3.02     3.66       OK     1946992
  979       3     11.81        36   157.27      2.79     3.52       OK     1946991
  980       2     11.50        46   155.00      3.01     3.62       OK     1946990
  981       1     11.41        44   157.29      3.10     3.51       OK     1946989
  982      10     11.98        46    41.65      3.35     3.47       OK     1946988
  983       7     14.75        32    45.53      3.03     3.01     Tq+2     1946987
  984       6      0.02        85    45.15      0.01     0.85      L+2     1946986
  985       6      0.39     21054    21.77      0.39     6.02      T+1     1946985
  986       5     11.54        42   155.05      3.04     3.87       OK     1946984
  987       4     11.68        52   155.33      3.03     3.76       OK     1946983
  988       3     11.71        38   157.26      3.31     3.66       OK     1946982
  989       2     11.72        40   154.93      2.89     3.63       OK     1946981
  990       1     11.52        48   157.29      3.09     3.50       OK     1946980
  991      11     11.75        52    35.50      3.86     4.29       OK     1946979
  992      10     12.24        44    41.06      3.78     2.93       OK     1946978
  993       8     12.54        36    44.28      3.58     3.00       OK     1946977
  994       7     12.96        39    45.62      3.44     2.88       OK     1946976
  995       6     12.46        39    43.45      3.25     2.85       OK     1946975
  996       5     11.39        39   155.03      3.14     3.90       OK     1946974
  997       4     11.59        51   155.23      2.49     3.69       OK     1946973
  998       3     11.95        34   157.24      2.76     3.58       OK     1946972
  999       2     11.53        48   155.07      2.75     3.66       OK     1946971
 1000       1     11.58        48   157.27      2.81     3.52       OK     1946970
